spawn:
  world: world
  x: 94.05817316639143
  y: 63.0
  z: 283.17153465652007
  yaw: -88.650024
  pitch: 13.800014
